   1.00000       -2.5000000000E-001
   0.99805       -2.4844585491E-001
   0.99609       -2.4689552988E-001
   0.99414       -2.4534903966E-001
   0.99219       -2.4380639901E-001
   0.99023       -2.4226762266E-001
   0.98828       -2.4073272537E-001
   0.98633       -2.3920172186E-001
   0.98438       -2.3767462684E-001
   0.98242       -2.3615145503E-001
   0.98047       -2.3463222109E-001
   0.97852       -2.3311693971E-001
   0.97656       -2.3160562551E-001
   0.97461       -2.3009829311E-001
   0.97266       -2.2859495710E-001
   0.97070       -2.2709563202E-001
   0.96875       -2.2560033241E-001
   0.96680       -2.2410907273E-001
   0.96484       -2.2262186745E-001
   0.96289       -2.2113873095E-001
   0.96094       -2.1965967760E-001
   0.95898       -2.1818472172E-001
   0.95703       -2.1671387755E-001
   0.95508       -2.1524715931E-001
   0.95312       -2.1378458117E-001
   0.95117       -2.1232615721E-001
   0.94922       -2.1087190147E-001
   0.94727       -2.0942182794E-001
   0.94531       -2.0797595052E-001
   0.94336       -2.0653428306E-001
   0.94141       -2.0509683934E-001
   0.93945       -2.0366363305E-001
   0.93750       -2.0223467783E-001
   0.93555       -2.0080998723E-001
   0.93359       -1.9938957472E-001
   0.93164       -1.9797345370E-001
   0.92969       -1.9656163746E-001
   0.92773       -1.9515413923E-001
   0.92578       -1.9375097214E-001
   0.92383       -1.9235214923E-001
   0.92188       -1.9095768344E-001
   0.91992       -1.8956758763E-001
   0.91797       -1.8818187455E-001
   0.91602       -1.8680055686E-001
   0.91406       -1.8542364710E-001
   0.91211       -1.8405115771E-001
   0.91016       -1.8268310104E-001
   0.90820       -1.8131948931E-001
   0.90625       -1.7996033465E-001
   0.90430       -1.7860564905E-001
   0.90234       -1.7725544441E-001
   0.90039       -1.7590973249E-001
   0.89844       -1.7456852496E-001
   0.89648       -1.7323183333E-001
   0.89453       -1.7189966902E-001
   0.89258       -1.7057204332E-001
   0.89062       -1.6924896736E-001
   0.88867       -1.6793045218E-001
   0.88672       -1.6661650867E-001
   0.88477       -1.6530714759E-001
   0.88281       -1.6400237956E-001
   0.88086       -1.6270221508E-001
   0.87891       -1.6140666449E-001
   0.87695       -1.6011573801E-001
   0.87500       -1.5882944569E-001
   0.87305       -1.5754779747E-001
   0.87109       -1.5627080312E-001
   0.86914       -1.5499847227E-001
   0.86719       -1.5373081441E-001
   0.86523       -1.5246783886E-001
   0.86328       -1.5120955482E-001
   0.86133       -1.4995597129E-001
   0.85938       -1.4870709717E-001
   0.85742       -1.4746294116E-001
   0.85547       -1.4622351182E-001
   0.85352       -1.4498881755E-001
   0.85156       -1.4375886660E-001
   0.84961       -1.4253366703E-001
   0.84766       -1.4131322677E-001
   0.84570       -1.4009755356E-001
   0.84375       -1.3888665499E-001
   0.84180       -1.3768053848E-001
   0.83984       -1.3647921127E-001
   0.83789       -1.3528268045E-001
   0.83594       -1.3409095294E-001
   0.83398       -1.3290403546E-001
   0.83203       -1.3172193460E-001
   0.83008       -1.3054465673E-001
   0.82812       -1.2937220810E-001
   0.82617       -1.2820459473E-001
   0.82422       -1.2704182251E-001
   0.82227       -1.2588389712E-001
   0.82031       -1.2473082409E-001
   0.81836       -1.2358260875E-001
   0.81641       -1.2243925626E-001
   0.81445       -1.2130077160E-001
   0.81250       -1.2016715956E-001
   0.81055       -1.1903842477E-001
   0.80859       -1.1791457167E-001
   0.80664       -1.1679560450E-001
   0.80469       -1.1568152734E-001
   0.80273       -1.1457234408E-001
   0.80078       -1.1346805842E-001
   0.79883       -1.1236867388E-001
   0.79688       -1.1127419380E-001
   0.79492       -1.1018462132E-001
   0.79297       -1.0909995943E-001
   0.79102       -1.0802021089E-001
   0.78906       -1.0694537830E-001
   0.78711       -1.0587546407E-001
   0.78516       -1.0481047042E-001
   0.78320       -1.0375039939E-001
   0.78125       -1.0269525284E-001
   0.77930       -1.0164503242E-001
   0.77734       -1.0059973961E-001
   0.77539       -9.9559375711E-002
   0.77344       -9.8523941818E-002
   0.77148       -9.7493438854E-002
   0.76953       -9.6467867551E-002
   0.76758       -9.5447228456E-002
   0.76562       -9.4431521929E-002
   0.76367       -9.3420748147E-002
   0.76172       -9.2414907097E-002
   0.75977       -9.1413998586E-002
   0.75781       -9.0418022232E-002
   0.75586       -8.9426977472E-002
   0.75391       -8.8440863556E-002
   0.75195       -8.7459679552E-002
   0.75000       -8.6483424344E-002
   0.74805       -8.5512096635E-002
   0.74609       -8.4545694943E-002
   0.74414       -8.3584217606E-002
   0.74219       -8.2627662781E-002
   0.74023       -8.1676028444E-002
   0.73828       -8.0729312391E-002
   0.73633       -7.9787512240E-002
   0.73438       -7.8850625429E-002
   0.73242       -7.7918649219E-002
   0.73047       -7.6991580694E-002
   0.72852       -7.6069416762E-002
   0.72656       -7.5152154155E-002
   0.72461       -7.4239789432E-002
   0.72266       -7.3332318977E-002
   0.72070       -7.2429739003E-002
   0.71875       -7.1532045548E-002
   0.71680       -7.0639234483E-002
   0.71484       -6.9751301507E-002
   0.71289       -6.8868242152E-002
   0.71094       -6.7990051781E-002
   0.70898       -6.7116725591E-002
   0.70703       -6.6248258613E-002
   0.70508       -6.5384645715E-002
   0.70312       -6.4525881602E-002
   0.70117       -6.3671960816E-002
   0.69922       -6.2822877738E-002
   0.69727       -6.1978626592E-002
   0.69531       -6.1139201441E-002
   0.69336       -6.0304596193E-002
   0.69141       -5.9474804601E-002
   0.68945       -5.8649820263E-002
   0.68750       -5.7829636624E-002
   0.68555       -5.7014246978E-002
   0.68359       -5.6203644470E-002
   0.68164       -5.5397822095E-002
   0.67969       -5.4596772702E-002
   0.67773       -5.3800488995E-002
   0.67578       -5.3008963533E-002
   0.67383       -5.2222188735E-002
   0.67188       -5.1440156875E-002
   0.66992       -5.0662860091E-002
   0.66797       -4.9890290383E-002
   0.66602       -4.9122439614E-002
   0.66406       -4.8359299513E-002
   0.66211       -4.7600861678E-002
   0.66016       -4.6847117572E-002
   0.65820       -4.6098058534E-002
   0.65625       -4.5353675770E-002
   0.65430       -4.4613960365E-002
   0.65234       -4.3878903276E-002
   0.65039       -4.3148495340E-002
   0.64844       -4.2422727274E-002
   0.64648       -4.1701589673E-002
   0.64453       -4.0985073018E-002
   0.64258       -4.0273167675E-002
   0.64062       -3.9565863895E-002
   0.63867       -3.8863151819E-002
   0.63672       -3.8165021477E-002
   0.63477       -3.7471462795E-002
   0.63281       -3.6782465589E-002
   0.63086       -3.6098019573E-002
   0.62891       -3.5418114360E-002
   0.62695       -3.4742739463E-002
   0.62500       -3.4071884295E-002
   0.62305       -3.3405538176E-002
   0.62109       -3.2743690330E-002
   0.61914       -3.2086329889E-002
   0.61719       -3.1433445896E-002
   0.61523       -3.0785027306E-002
   0.61328       -3.0141062987E-002
   0.61133       -2.9501541725E-002
   0.60938       -2.8866452221E-002
   0.60742       -2.8235783098E-002
   0.60547       -2.7609522903E-002
   0.60352       -2.6987660103E-002
   0.60156       -2.6370183095E-002
   0.59961       -2.5757080202E-002
   0.59766       -2.5148339679E-002
   0.59570       -2.4543949713E-002
   0.59375       -2.3943898424E-002
   0.59180       -2.3348173872E-002
   0.58984       -2.2756764052E-002
   0.58789       -2.2169656902E-002
   0.58594       -2.1586840304E-002
   0.58398       -2.1008302082E-002
   0.58203       -2.0434030010E-002
   0.58008       -1.9864011808E-002
   0.57812       -1.9298235152E-002
   0.57617       -1.8736687667E-002
   0.57422       -1.8179356937E-002
   0.57227       -1.7626230500E-002
   0.57031       -1.7077295857E-002
   0.56836       -1.6532540470E-002
   0.56641       -1.5991951764E-002
   0.56445       -1.5455517131E-002
   0.56250       -1.4923223932E-002
   0.56055       -1.4395059495E-002
   0.55859       -1.3871011125E-002
   0.55664       -1.3351066099E-002
   0.55469       -1.2835211669E-002
   0.55273       -1.2323435069E-002
   0.55078       -1.1815723512E-002
   0.54883       -1.1312064194E-002
   0.54688       -1.0812444296E-002
   0.54492       -1.0316850986E-002
   0.54297       -9.8252714211E-003
   0.54102       -9.3376927491E-003
   0.53906       -8.8541021117E-003
   0.53711       -8.3744866453E-003
   0.53516       -7.8988334840E-003
   0.53320       -7.4271297608E-003
   0.53125       -6.9593626102E-003
   0.52930       -6.4955191700E-003
   0.52734       -6.0355865836E-003
   0.52539       -5.5795520014E-003
   0.52344       -5.1274025835E-003
   0.52148       -4.6791255011E-003
   0.51953       -4.2347079390E-003
   0.51758       -3.7941370970E-003
   0.51562       -3.3574001925E-003
   0.51367       -2.9244844617E-003
   0.51172       -2.4953771624E-003
   0.50977       -2.0700655752E-003
   0.50781       -1.6485370057E-003
   0.50586       -1.2307787865E-003
   0.50391       -8.1677827906E-004
   0.50195       -4.0652287535E-004
   0.50000       -1.2332799712E-018
   0.49805        4.0280288797E-004
   0.49609        8.0189829329E-004
   0.49414        1.1972986826E-003
   0.49219        1.5890164825E-003
   0.49023        1.9770640781E-003
   0.48828        2.3614538109E-003
   0.48633        2.7421979769E-003
   0.48438        3.1193088254E-003
   0.48242        3.4927985566E-003
   0.48047        3.8626793202E-003
   0.47852        4.2289632136E-003
   0.47656        4.5916622805E-003
   0.47461        4.9507885084E-003
   0.47266        5.3063538279E-003
   0.47070        5.6583701103E-003
   0.46875        6.0068491664E-003
   0.46680        6.3518027445E-003
   0.46484        6.6932425291E-003
   0.46289        7.0311801393E-003
   0.46094        7.3656271268E-003
   0.45898        7.6965949748E-003
   0.45703        8.0240950962E-003
   0.45508        8.3481388324E-003
   0.45312        8.6687374511E-003
   0.45117        8.9859021455E-003
   0.44922        9.2996440325E-003
   0.44727        9.6099741511E-003
   0.44531        9.9169034614E-003
   0.44336        1.0220442843E-002
   0.44141        1.0520603092E-002
   0.43945        1.0817394924E-002
   0.43750        1.1110828968E-002
   0.43555        1.1400915765E-002
   0.43359        1.1687665773E-002
   0.43164        1.1971089357E-002
   0.42969        1.2251196794E-002
   0.42773        1.2527998269E-002
   0.42578        1.2801503875E-002
   0.42383        1.3071723611E-002
   0.42188        1.3338667379E-002
   0.41992        1.3602344986E-002
   0.41797        1.3862766143E-002
   0.41602        1.4119940460E-002
   0.41406        1.4373877447E-002
   0.41211        1.4624586516E-002
   0.41016        1.4872076973E-002
   0.40820        1.5116358023E-002
   0.40625        1.5357438767E-002
   0.40430        1.5595328198E-002
   0.40234        1.5830035207E-002
   0.40039        1.6061568574E-002
   0.39844        1.6289936971E-002
   0.39648        1.6515148962E-002
   0.39453        1.6737213000E-002
   0.39258        1.6956137427E-002
   0.39062        1.7171930472E-002
   0.38867        1.7384600251E-002
   0.38672        1.7594154768E-002
   0.38477        1.7800601909E-002
   0.38281        1.8003949446E-002
   0.38086        1.8204205036E-002
   0.37891        1.8401376215E-002
   0.37695        1.8595470404E-002
   0.37500        1.8786494905E-002
   0.37305        1.8974456898E-002
   0.37109        1.9159363445E-002
   0.36914        1.9341221486E-002
   0.36719        1.9520037840E-002
   0.36523        1.9695819203E-002
   0.36328        1.9868572147E-002
   0.36133        2.0038303124E-002
   0.35938        2.0205018457E-002
   0.35742        2.0368724348E-002
   0.35547        2.0529426871E-002
   0.35352        2.0687131976E-002
   0.35156        2.0841845485E-002
   0.34961        2.0993573094E-002
   0.34766        2.1142320372E-002
   0.34570        2.1288092758E-002
   0.34375        2.1430895566E-002
   0.34180        2.1570733977E-002
   0.33984        2.1707613046E-002
   0.33789        2.1841537697E-002
   0.33594        2.1972512725E-002
   0.33398        2.2100542793E-002
   0.33203        2.2225632436E-002
   0.33008        2.2347786055E-002
   0.32812        2.2467007922E-002
   0.32617        2.2583302176E-002
   0.32422        2.2696672825E-002
   0.32227        2.2807123745E-002
   0.32031        2.2914658679E-002
   0.31836        2.3019281238E-002
   0.31641        2.3120994900E-002
   0.31445        2.3219803010E-002
   0.31250        2.3315708782E-002
   0.31055        2.3408715294E-002
   0.30859        2.3498825492E-002
   0.30664        2.3586042189E-002
   0.30469        2.3670368065E-002
   0.30273        2.3751805664E-002
   0.30078        2.3830357400E-002
   0.29883        2.3906025551E-002
   0.29688        2.3978812261E-002
   0.29492        2.4048719544E-002
   0.29297        2.4115749277E-002
   0.29102        2.4179903204E-002
   0.28906        2.4241182937E-002
   0.28711        2.4299589954E-002
   0.28516        2.4355125598E-002
   0.28320        2.4407791082E-002
   0.28125        2.4457587485E-002
   0.27930        2.4504515751E-002
   0.27734        2.4548576693E-002
   0.27539        2.4589770992E-002
   0.27344        2.4628099197E-002
   0.27148        2.4663561721E-002
   0.26953        2.4696158851E-002
   0.26758        2.4725890737E-002
   0.26562        2.4752757401E-002
   0.26367        2.4776758732E-002
   0.26172        2.4797894489E-002
   0.25977        2.4816164301E-002
   0.25781        2.4831567665E-002
   0.25586        2.4844103949E-002
   0.25391        2.4853772393E-002
   0.25195        2.4860572104E-002
   0.25000        2.4864502065E-002
   0.24805        2.4865561126E-002
   0.24609        2.4863748011E-002
   0.24414        2.4859061318E-002
   0.24219        2.4851499514E-002
   0.24023        2.4841060943E-002
   0.23828        2.4827743820E-002
   0.23633        2.4811546236E-002
   0.23438        2.4792466156E-002
   0.23242        2.4770501419E-002
   0.23047        2.4745649742E-002
   0.22852        2.4717908716E-002
   0.22656        2.4687275811E-002
   0.22461        2.4653748371E-002
   0.22266        2.4617323622E-002
   0.22070        2.4577998665E-002
   0.21875        2.4535770482E-002
   0.21680        2.4490635934E-002
   0.21484        2.4442591762E-002
   0.21289        2.4391634589E-002
   0.21094        2.4337760918E-002
   0.20898        2.4280967134E-002
   0.20703        2.4221249507E-002
   0.20508        2.4158604189E-002
   0.20312        2.4093027217E-002
   0.20117        2.4024514511E-002
   0.19922        2.3953061879E-002
   0.19727        2.3878665015E-002
   0.19531        2.3801319497E-002
   0.19336        2.3721020795E-002
   0.19141        2.3637764266E-002
   0.18945        2.3551545155E-002
   0.18750        2.3462358599E-002
   0.18555        2.3370199624E-002
   0.18359        2.3275063151E-002
   0.18164        2.3176943989E-002
   0.17969        2.3075836843E-002
   0.17773        2.2971736313E-002
   0.17578        2.2864636891E-002
   0.17383        2.2754532968E-002
   0.17188        2.2641418829E-002
   0.16992        2.2525288658E-002
   0.16797        2.2406136537E-002
   0.16602        2.2283956448E-002
   0.16406        2.2158742273E-002
   0.16211        2.2030487793E-002
   0.16016        2.1899186693E-002
   0.15820        2.1764832562E-002
   0.15625        2.1627418890E-002
   0.15430        2.1486939073E-002
   0.15234        2.1343386414E-002
   0.15039        2.1196754121E-002
   0.14844        2.1047035310E-002
   0.14648        2.0894223006E-002
   0.14453        2.0738310143E-002
   0.14258        2.0579289565E-002
   0.14062        2.0417154030E-002
   0.13867        2.0251896207E-002
   0.13672        2.0083508676E-002
   0.13477        1.9911983937E-002
   0.13281        1.9737314400E-002
   0.13086        1.9559492396E-002
   0.12891        1.9378510172E-002
   0.12695        1.9194359891E-002
   0.12500        1.9007033641E-002
   0.12305        1.8816523426E-002
   0.12109        1.8622821175E-002
   0.11914        1.8425918738E-002
   0.11719        1.8225807890E-002
   0.11523        1.8022480331E-002
   0.11328        1.7815927686E-002
   0.11133        1.7606141508E-002
   0.10938        1.7393113279E-002
   0.10742        1.7176834410E-002
   0.10547        1.6957296242E-002
   0.10352        1.6734490047E-002
   0.10156        1.6508407032E-002
   0.09961        1.6279038336E-002
   0.09766        1.6046375034E-002
   0.09570        1.5810408137E-002
   0.09375        1.5571128592E-002
   0.09180        1.5328527286E-002
   0.08984        1.5082595045E-002
   0.08789        1.4833322635E-002
   0.08594        1.4580700766E-002
   0.08398        1.4324720090E-002
   0.08203        1.4065371201E-002
   0.08008        1.3802644641E-002
   0.07812        1.3536530899E-002
   0.07617        1.3267020409E-002
   0.07422        1.2994103556E-002
   0.07227        1.2717770675E-002
   0.07031        1.2438012052E-002
   0.06836        1.2154817924E-002
   0.06641        1.1868178485E-002
   0.06445        1.1578083881E-002
   0.06250        1.1284524214E-002
   0.06055        1.0987489546E-002
   0.05859        1.0686969895E-002
   0.05664        1.0382955240E-002
   0.05469        1.0075435520E-002
   0.05273        9.7644006364E-003
   0.05078        9.4498404549E-003
   0.04883        9.1317448050E-003
   0.04688        8.8101034820E-003
   0.04492        8.4849062485E-003
   0.04297        8.1561428352E-003
   0.04102        7.8238029424E-003
   0.03906        7.4878762414E-003
   0.03711        7.1483523752E-003
   0.03516        6.8052209601E-003
   0.03320        6.4584715870E-003
   0.03125        6.1080938224E-003
   0.02930        5.7540772100E-003
   0.02734        5.3964112714E-003
   0.02539        5.0350855079E-003
   0.02344        4.6700894015E-003
   0.02148        4.3014124163E-003
   0.01953        3.9290439992E-003
   0.01758        3.5529735822E-003
   0.01562        3.1731905826E-003
   0.01367        2.7896844048E-003
   0.01172        2.4024444416E-003
   0.00977        2.0114600752E-003
   0.00781        1.6167206787E-003
   0.00586        1.2182156172E-003
   0.00391        8.1593424889E-004
   0.00195        4.0986592691E-004
   0.00000        0.0000000000E+000

